96.06882
179.71976
10.937343
-15.081384
72.71775
105.844826
-18.671835
-170.8081
-10.333994
12.271385
-129.05576
128.96149
-48.650383
174.53522
-101.32681
104.05558
-48.908295
47.18043
-21.099657
-50.481815
68.558975
82.04611
29.495598
-92.14087
-50.190018
-6.0268183
-90.46271
-73.01366
-24.927963
97.6282
114.81714
39.719704
90.65844
-153.07611
116.775826
-19.008677
-121.78613
-67.488884
45.791336
163.62633
-127.921165
72.339035
103.82076
-21.328526
21.154247
-130.09962
71.625694
-52.19736
-122.9282
143.65236
-78.6575
-16.40831
6.7438736
5.1733575
90.44492
-232.33517
-42.00841
-127.461136
-23.266869
118.95599
26.654903
130.94656
58.815536
78.22287
58.37775
88.920616
66.556046
-133.79677
17.34039
-40.232895
110.70375
-155.57909
-99.003
7.011466
-100.14083
-96.13325
2.3607838
22.811798
-1.8352318
41.530834
23.117012
102.30958
