89.78212
183.57185
16.010416
-8.5393505
74.61885
103.18128
-18.19043
-170.47794
-16.666168
13.22316
-124.51401
123.35891
-49.04782
171.59932
-105.735725
107.677704
-48.218277
44.17294
-28.653746
-53.7078
67.77384
77.98609
28.790968
-87.04687
-52.6645
-4.636237
-96.53137
-75.46341
-24.047888
93.78412
112.966965
31.151443
88.5327
-148.88414
117.040596
-13.826016
-121.630005
-63.198658
45.18419
168.39558
-122.65966
76.71678
98.39236
-18.635326
26.0416
-126.01317
72.17704
-55.21944
-112.02957
148.94066
-80.31231
-17.64711
-1.2999039
1.2961981
84.61222
-227.12909
-40.97603
-125.20816
-29.941648
124.20216
26.160673
135.97844
50.379715
74.757774
58.780853
94.43186
66.79459
-140.1483
11.337
-37.702377
107.79278
-154.58563
-95.615906
0.76112866
-97.811745
-92.9234
4.403034
24.425055
1.0910883
33.01457
24.31166
100.80417
