98.82286
177.01622
11.952289
-18.08762
71.14625
109.18518
-20.714537
-173.03734
-7.503436
12.271385
-127.007416
129.04366
-46.656837
174.53522
-99.86004
104.32682
-47.700455
45.442608
-20.793406
-48.84145
67.052155
84.51648
24.661697
-90.73392
-51.53047
-6.20959
-88.61512
-74.991615
-23.711285
96.33763
113.747925
42.06806
93.10537
-154.9975
118.026886
-16.131985
-122.340775
-68.99871
47.763992
161.4851
-129.06712
74.63975
102.57115
-24.318678
26.708984
-128.71571
70.64755
-53.004578
-124.91559
146.60909
-80.07565
-15.588614
7.7703238
4.391311
92.18197
-230.35304
-42.956978
-127.461136
-26.232534
116.27578
26.21622
126.95093
59.39195
80.385
61.97431
91.48247
69.188614
-134.81548
19.19082
-37.352623
112.87232
-156.52113
-97.55707
4.574093
-98.28378
-96.98958
1.3843496
21.121408
-1.3396125
41.530834
22.379948
100.232864
