95.60486
177.03279
10.937343
-16.67008
72.48791
108.061165
-18.250229
-168.11234
-8.598158
12.271385
-126.76533
127.68794
-48.650383
173.7366
-100.65488
103.869736
-48.908295
47.046303
-21.65541
-51.819016
68.7346
83.67884
27.545866
-88.70143
-48.766575
-6.0268183
-90.46271
-73.01366
-26.092815
96.232895
113.05899
39.719704
88.85302
-153.07611
116.61698
-19.008677
-120.262436
-69.16498
46.066696
163.62633
-129.44203
72.339035
101.193474
-21.04013
24.052223
-130.09962
71.625694
-52.19736
-122.29834
141.58109
-79.032715
-14.791698
5.3697424
5.1733575
90.5046
-231.8045
-44.387447
-124.92807
-26.71617
117.87485
24.892984
127.951126
58.35679
77.96094
58.89502
90.2692
66.39368
-133.79677
16.285969
-37.264458
112.39863
-155.57909
-99.003
4.662245
-99.02951
-93.602905
2.3607838
23.753126
-1.8352318
41.25387
25.376827
102.60333
