98.63637
177.14056
10.937343
-16.67008
72.220184
109.425705
-15.746834
-168.02492
-8.598158
12.271385
-128.05515
130.15936
-47.702797
176.8086
-101.740265
104.38837
-48.908295
48.96601
-23.987526
-48.860767
67.513725
83.67884
30.1684
-90.73392
-48.45982
-4.4849644
-92.507484
-73.01366
-24.927963
96.232895
114.81714
39.719704
90.65844
-153.07611
116.61698
-20.648386
-125.022766
-67.488884
46.066696
163.62633
-127.921165
72.339035
101.193474
-21.328526
24.052223
-130.09962
71.625694
-52.19736
-123.74963
143.36774
-78.6575
-16.722174
5.3697424
5.1733575
90.5046
-232.33517
-44.387447
-127.461136
-25.069273
117.87485
22.07958
130.89626
61.263535
78.22287
56.746235
88.920616
63.87242
-133.8523
16.285969
-42.028633
110.559906
-152.91438
-98.62782
7.011466
-99.02951
-96.13325
2.3607838
22.993713
-1.8352318
42.301636
23.117012
102.60333
