89.72212
187.83408
13.472937
-10.1165905
76.75503
107.127174
-16.739357
-168.72556
-13.49507
7.642247
-128.05943
125.07547
-48.631363
169.39777
-104.82805
109.32709
-46.161644
49.171894
-24.415445
-51.244614
66.4856
76.36143
28.790968
-87.97267
-50.295593
-1.2519059
-94.645645
-75.351776
-22.584774
98.56333
112.653206
33.399796
88.38994
-151.7493
116.122055
-13.967459
-124.609406
-64.82281
48.683643
168.39558
-124.49221
76.71678
99.18828
-20.807547
28.147657
-119.33655
69.342384
-53.90663
-114.840416
143.9159
-79.253204
-18.451752
-0.67180705
-1.5116649
84.61222
-231.46094
-41.64328
-125.20816
-29.948818
123.06966
27.248285
134.11575
49.28228
75.922264
59.12021
92.28287
67.52237
-137.83649
8.68691
-38.97705
108.649826
-154.58563
-91.39755
3.1003947
-98.862274
-92.9234
0.6591518
25.06557
1.0910883
31.794592
24.31166
94.4552
