99.93155
175.60472
8.784169
-16.67008
74.77362
106.9441
-18.671835
-167.88281
-8.598158
12.271385
-128.05515
125.80505
-50.14387
174.53522
-100.66916
104.05558
-51.16889
47.953922
-21.43175
-48.574333
68.558975
83.67884
27.263771
-87.85296
-48.766575
-7.8242803
-90.46271
-73.01366
-24.927963
99.1926
114.81714
39.719704
90.65844
-153.67442
114.678635
-18.951824
-124.75112
-67.488884
44.52572
163.29883
-128.66618
72.339035
102.92291
-23.5547
24.052223
-127.421936
71.625694
-52.19736
-124.619644
144.46906
-80.56094
-17.94629
3.4369254
5.1733575
92.19095
-232.15727
-44.387447
-128.50182
-22.072556
115.85992
22.52659
127.951126
59.39195
79.74586
59.943985
88.920616
67.91841
-131.75717
16.285969
-39.45045
110.70375
-155.23344
-101.94498
4.7249002
-100.39966
-94.74349
2.3607838
20.698135
-1.8352318
43.87893
23.117012
102.60333
