87.77289
183.23907
14.090785
-7.074724
76.75503
110.07412
-18.767408
-164.94664
-19.369804
10.052143
-122.09961
122.391556
-50.730034
171.05609
-104.224884
104.322525
-46.133183
44.144886
-26.704918
-55.007557
67.77384
77.23247
31.494186
-87.04687
-52.081306
-3.5349507
-97.30767
-75.351776
-27.47822
97.26984
111.655045
31.151443
89.92061
-153.42545
119.616135
-10.897142
-123.23109
-65.89971
46.204197
161.84917
-122.65966
72.39664
100.25376
-20.078768
25.930933
-121.96867
74.79018
-50.396946
-116.440674
147.80176
-79.24323
-16.10318
-2.043247
1.2961981
82.88075
-229.3543
-42.233482
-125.97518
-28.829636
122.152664
26.13878
136.37411
49.8275
73.905075
59.12021
93.76014
68.43822
-135.479
11.599203
-42.161716
103.891426
-153.70059
-98.19315
2.2991593
-96.05292
-90.42425
0.99928236
26.976707
-3.3597584
40.661514
21.606308
97.02675
