89.72212
184.86058
15.473283
-6.3729353
76.75503
103.18128
-18.19838
-166.06332
-13.861342
14.2041
-124.039795
125.07547
-46.920258
174.3222
-103.05603
108.67766
-46.133183
49.171894
-28.494516
-53.7078
69.48208
77.98609
34.759155
-84.51563
-49.344276
-3.5826225
-97.319214
-76.158035
-26.830997
97.1118
115.91023
31.151443
90.01982
-149.63913
117.040596
-10.727932
-124.609406
-68.23272
46.81914
164.84521
-124.49221
75.18484
99.18828
-25.28172
25.72782
-121.30381
74.50362
-54.87183
-114.840416
145.24615
-80.21021
-22.910923
0.11994743
2.6246755
85.347534
-226.88522
-43.537148
-127.587006
-29.941648
120.24109
27.248285
134.79564
50.379715
73.06121
59.12021
94.23376
67.52237
-140.53755
10.753341
-40.5788
105.9677
-151.40448
-91.39755
0.76112866
-98.862274
-92.9234
1.7535381
24.425055
-1.4378238
33.01457
24.082468
99.99042
