87.28125
184.86058
13.472937
-8.909373
76.75503
107.127174
-17.959372
-167.38239
-13.918901
11.698149
-122.54636
125.0847
-49.356598
171.59932
-103.05603
101.91597
-46.133183
49.171894
-26.704918
-53.7078
67.77384
76.36143
28.790968
-87.04687
-49.344276
-3.5349507
-94.98328
-75.46341
-26.830997
95.06291
111.655045
31.151443
90.01982
-148.43933
118.96267
-13.826016
-127.035484
-63.198658
48.856316
168.39558
-122.65966
76.71678
100.04957
-24.142572
25.72782
-126.01317
74.441826
-56.638386
-114.10971
149.68129
-80.31231
-22.910923
-0.67180705
2.6591418
85.347534
-228.96844
-41.64328
-125.20816
-29.948818
123.8243
27.248285
138.27731
49.321743
75.931755
59.12021
94.43186
67.52237
-138.82283
10.753341
-38.97705
108.92992
-153.70059
-92.89877
3.1003947
-97.811745
-88.44655
2.5150466
23.108147
-3.016128
33.01457
25.15134
97.02675
