89.72212
187.5393
13.472937
-8.909373
76.16291
107.127174
-17.959372
-169.74756
-14.015496
9.506084
-123.168335
127.8081
-46.9859
170.68806
-104.69138
107.677704
-48.927197
49.171894
-28.653746
-53.7078
71.61558
76.36143
34.759155
-89.032486
-48.020164
-1.6731753
-94.1414
-76.00262
-24.047888
98.25776
110.94207
28.756155
85.95152
-151.85207
118.3865
-11.983646
-126.457634
-70.87864
46.76742
167.84598
-124.49221
75.41316
96.87688
-18.400946
23.663305
-127.46879
70.40919
-56.638386
-116.72002
145.20847
-82.13512
-22.694109
-0.67180705
-0.4189
82.14863
-226.85443
-39.026535
-123.2752
-30.410215
118.43464
27.248285
136.2467
50.379715
73.753716
58.780853
94.25294
70.39849
-137.83649
10.566631
-38.97705
104.94616
-152.79155
-96.385376
-1.5451498
-95.89288
-89.63875
1.8606992
25.882559
-1.1374376
39.174946
25.15134
94.83074
