94.724724
179.10355
8.877062
-15.791988
69.98663
108.061165
-18.671835
-170.00697
-5.932185
9.34292
-128.77475
126.14264
-48.650383
174.31274
-101.5849
104.05558
-47.58633
46.46632
-21.478508
-48.860767
69.7173
83.67884
27.545866
-91.77017
-48.766575
-6.943674
-91.08416
-72.18264
-24.927963
98.524376
117.78051
41.015472
91.51995
-151.6294
117.31138
-19.434626
-121.89046
-70.07636
46.21429
162.7348
-126.10375
70.0896
98.35153
-21.328526
25.7642
-131.37025
71.88611
-52.19736
-122.27956
144.46906
-80.42504
-16.722174
5.3697424
8.078415
92.16518
-234.92358
-44.387447
-125.6081
-21.463493
117.87485
24.892984
128.6002
59.39195
79.848915
59.395123
89.29958
65.11411
-132.8981
14.756353
-38.05357
111.85276
-156.99437
-99.003
7.503961
-99.02951
-96.19073
1.9301941
21.674135
-1.242621
40.97268
24.537804
105.16311
