87.28125
182.25304
14.878172
-7.311061
79.55385
105.33897
-18.246737
-166.87929
-19.7708
12.119007
-123.431335
126.86188
-48.72423
173.91428
-104.21178
105.80704
-48.216263
49.171894
-25.678333
-55.720924
70.23288
75.23888
35.92729
-89.032486
-52.518837
-4.0025797
-96.45349
-78.31814
-23.08463
94.293076
112.966965
31.584164
89.46307
-151.81393
118.07045
-16.013275
-126.07875
-62.082893
47.32688
170.27516
-125.09134
76.20879
96.34108
-24.142572
24.385445
-122.174484
73.37095
-50.389053
-114.840416
145.78552
-79.24323
-25.496527
2.7629986
2.7721727
85.02478
-231.58533
-43.293835
-123.2752
-31.631428
123.51744
24.864954
134.29535
50.199093
73.773834
61.356438
95.49389
67.50957
-137.83649
9.150665
-38.176758
107.79278
-152.99397
-95.73107
-1.4509492
-96.006874
-87.74509
4.080978
26.444305
1.4862564
41.548977
22.272528
95.85328
