90.590996
182.96402
11.766166
-8.979921
76.75503
108.192604
-17.08752
-169.23283
-13.918901
11.439011
-124.29218
122.619934
-45.979324
170.26274
-101.91188
106.194496
-48.927197
44.30603
-26.704918
-53.564014
70.50218
77.98609
28.790968
-89.032486
-52.431725
-6.483816
-93.552376
-78.29088
-28.226427
94.586555
112.33772
33.909817
88.437256
-150.34953
118.07045
-13.703102
-123.69655
-64.839935
47.82913
167.07283
-124.49221
73.65609
96.92937
-24.40681
23.582378
-121.30381
71.51099
-54.59691
-114.10971
149.68129
-78.95898
-20.746061
-0.67180705
-2.089869
85.07099
-229.44557
-40.751915
-121.17842
-29.009472
121.39264
25.005371
134.27832
50.983585
75.09648
60.5374
91.36807
69.55489
-140.37518
13.4945
-38.97705
105.53874
-150.90085
-93.63372
3.0517771
-99.082085
-88.11134
2.5150466
27.647621
-1.0227621
33.01457
24.31166
97.02675
