87.28125
182.66809
15.834369
-10.963104
76.737076
100.735016
-18.204803
-170.22957
-16.813557
7.9789457
-125.81252
126.38537
-51.4545
171.6294
-102.494286
105.20899
-49.09854
49.171894
-28.001493
-55.920216
70.56148
80.94363
26.690788
-90.490845
-48.426258
-4.0935907
-93.763084
-73.90252
-28.709896
99.85909
111.047874
28.684496
88.51975
-148.12344
114.42459
-13.396597
-126.07875
-66.72295
44.391296
164.1449
-122.65966
75.13235
97.761375
-23.301765
22.738548
-121.73565
72.21453
-50.67611
-114.840416
148.42683
-77.45112
-17.64711
-1.5485096
-0.3338318
85.347534
-231.66928
-41.64328
-123.2752
-30.414307
121.85963
27.248285
134.79564
52.817905
70.44783
60.774868
92.0086
68.671715
-139.35686
7.8387976
-40.5788
102.51848
-154.19577
-90.923645
2.1079905
-98.862274
-85.602974
0.6163509
26.042793
-3.2440693
32.6857
24.635006
102.38361
