99.17392
179.76852
12.828574
-16.67008
75.67837
107.20945
-18.57634
-169.13033
-9.761964
12.378168
-126.48753
126.39375
-50.101955
171.93488
-101.372635
105.99611
-50.948273
45.21614
-23.030485
-48.860767
67.47432
83.89411
28.484814
-90.73392
-49.060917
-4.798989
-88.63825
-75.44139
-26.172375
95.486374
113.04405
40.3711
91.659706
-153.70084
118.417366
-19.008677
-122.77026
-69.02891
44.201183
166.4384
-126.15094
70.27144
104.04374
-19.152912
24.266083
-132.10301
71.46726
-53.18385
-122.29834
142.97
-81.14207
-18.954645
7.9693956
2.372509
93.15743
-232.31813
-41.65463
-125.39008
-24.279455
118.08061
23.93941
127.951126
60.450165
79.820915
60.941223
87.80414
69.37533
-131.77591
17.037378
-39.08257
108.522026
-155.57909
-101.717514
7.372858
-96.66477
-95.98626
-0.30377984
21.061693
0.8075571
43.855774
21.591726
104.542336
