91.65174
183.55064
11.5039835
-5.830289
79.55385
108.76131
-17.959372
-166.45003
-18.371002
7.6173024
-121.80977
125.07547
-49.149822
171.35614
-101.93617
103.92977
-47.087704
51.987026
-26.135214
-53.7078
67.36602
76.61357
35.211323
-87.61975
-48.495396
-1.3559313
-97.6864
-74.48525
-21.27835
99.500374
109.29702
30.573975
91.52182
-153.17146
118.07045
-13.826016
-124.04346
-63.962307
51.006115
169.47183
-124.82433
76.53432
98.903946
-16.054955
25.72782
-120.2034
74.34754
-59.472195
-116.53043
148.03639
-78.49247
-22.216827
1.5468476
0.7705109
85.77327
-230.41226
-44.76045
-123.13377
-32.894974
123.8243
23.274426
135.33467
51.431396
73.06121
62.03002
94.43186
66.47616
-139.05934
9.643151
-39.37814
104.94616
-156.36012
-97.918625
3.2882173
-100.86336
-91.223015
2.5150466
26.626568
-5.2531576
41.75905
24.71173
97.532295
