87.28125
184.25606
13.729874
-8.883613
82.16893
101.29572
-15.642942
-167.38239
-17.747885
9.017704
-125.208626
125.0847
-46.881287
169.21402
-103.05603
103.21523
-46.133183
44.17294
-30.372015
-55.230774
67.77384
78.234825
34.52835
-89.032486
-50.64074
-1.2709022
-96.868904
-75.75787
-24.047888
94.15278
111.655045
30.872486
91.279205
-146.981
119.99865
-16.794699
-124.609406
-68.99004
48.856316
166.53235
-122.65966
76.71678
98.4368
-24.733658
25.990435
-126.01317
72.03184
-55.324463
-115.4697
145.4324
-79.24323
-22.910923
0.11994743
1.2961981
84.819405
-230.94598
-42.595547
-123.2752
-28.783306
121.39264
26.920208
134.79564
50.379715
72.33633
58.355995
91.362144
65.55193
-138.82283
8.991862
-40.261612
102.66788
-155.75119
-98.57097
0.76112866
-97.811745
-92.83469
2.5150466
24.425055
-3.2671628
39.191105
24.31166
96.15254
