87.28125
184.86058
13.729874
-8.909373
79.55385
102.61516
-19.740383
-169.03816
-12.942631
9.60058
-122.47591
125.07547
-49.356598
171.35614
-103.05603
104.322525
-50.12536
43.504272
-24.120777
-52.983273
70.50218
77.98609
28.790968
-85.05502
-49.344276
-5.9529214
-94.30355
-73.85377
-28.290236
96.16876
110.6916
33.399796
87.35747
-148.88414
119.75908
-13.826016
-126.1986
-68.99004
47.32688
167.11618
-120.31519
75.13235
97.63631
-19.591505
23.582378
-126.01317
72.17704
-57.004967
-117.658165
145.24615
-79.24323
-22.910923
0.11994743
0.7705109
87.944176
-229.44557
-40.086506
-125.38158
-29.941648
121.16177
26.13878
134.79564
50.379715
72.26319
57.749645
94.43186
68.95206
-136.55441
10.753341
-38.97705
104.94616
-154.58563
-94.67598
0.76112866
-98.862274
-92.9234
2.5150466
21.511219
-0.8859129
39.6789
25.15134
99.84551
