96.98518
177.97281
10.937343
-14.263933
73.07277
108.061165
-20.746717
-170.8081
-9.632889
10.8855915
-128.05515
127.68794
-48.650383
176.14699
-100.096756
102.293655
-48.908295
45.52757
-21.478508
-46.62849
70.44828
81.739174
29.539791
-93.027596
-48.973743
-6.0268183
-93.16499
-71.84148
-26.942719
96.232895
114.81714
39.719704
90.65844
-153.07611
116.61698
-21.211428
-122.03147
-67.488884
46.066696
161.73697
-130.20203
72.339035
101.193474
-23.371445
26.808603
-129.50499
71.625694
-51.217968
-123.308586
144.19276
-78.69212
-17.189827
3.4686377
5.8304605
90.5046
-232.79648
-44.78733
-124.9258
-25.001589
116.9926
24.892984
127.951126
60.60559
75.77157
57.100536
88.920616
69.262985
-133.76277
17.22382
-43.115658
110.35763
-155.57909
-98.51064
5.595083
-99.02951
-93.626045
2.3607838
25.452724
0.70474625
41.530834
20.798435
100.35347
