87.28125
184.86058
13.729874
-8.617392
79.55385
107.127174
-16.65163
-167.38239
-16.477314
11.698149
-122.54636
125.0847
-49.356598
171.35614
-103.05603
104.322525
-49.559345
50.72523
-27.444069
-53.7078
70.50218
76.133965
35.31189
-88.09651
-49.344276
-3.1340356
-93.77123
-75.351776
-25.96546
95.06291
111.655045
33.399796
90.01982
-152.05348
117.040596
-13.826016
-124.609406
-63.198658
48.095455
168.39558
-120.12716
75.13235
98.39236
-26.200302
25.72782
-124.60528
71.10953
-56.638386
-114.840416
147.57617
-79.24323
-15.698816
-0.67180705
3.5461504
85.347534
-231.42923
-40.985558
-123.2752
-29.948818
122.46412
23.998278
134.79564
48.749218
73.05979
58.780853
94.25294
67.52237
-137.83649
10.753341
-38.97705
107.79278
-153.70059
-91.39755
3.1003947
-98.00252
-92.9234
-0.08667183
26.470268
1.0910883
41.75905
23.514566
95.48669
