89.72212
184.86058
13.472937
-8.617392
79.55385
107.127174
-18.543745
-169.03816
-17.656143
10.381967
-123.191
125.0847
-48.631363
171.59932
-103.05603
104.322525
-48.927197
44.17294
-28.653746
-53.7078
67.77384
76.36143
28.790968
-89.032486
-50.45475
-3.5826225
-95.73317
-75.351776
-24.047888
95.06291
112.966965
33.399796
90.01982
-150.96133
118.07045
-13.826016
-126.07875
-63.198658
47.32688
168.39558
-124.49221
75.13235
98.39236
-18.400946
23.582378
-121.30381
72.17704
-56.638386
-114.840416
149.68129
-80.31231
-22.910923
-0.76029205
1.2961981
85.347534
-228.96844
-41.64328
-123.2752
-29.948818
123.8243
27.248285
134.79564
53.59257
74.757774
58.780853
94.25294
67.52237
-138.82283
13.065496
-38.97705
104.94616
-153.70059
-96.385376
4.469666
-98.862274
-92.9234
2.5150466
27.141596
1.0910883
41.75905
25.15134
97.02675
