87.28125
185.30937
13.729874
-10.247742
76.75503
107.127174
-17.959372
-169.29338
-16.457315
8.77841
-122.54636
122.49573
-49.356598
168.87846
-103.05603
107.677704
-48.21145
49.27517
-28.653746
-56.351025
67.77384
76.36143
27.176601
-89.63298
-49.344276
-1.3677831
-97.544205
-75.351776
-24.047888
95.0024
108.94221
31.151443
90.01982
-152.34023
118.07045
-13.826016
-126.07875
-63.198658
47.88269
168.39558
-127.43412
76.71678
99.18828
-23.52695
23.582378
-121.30381
75.072784
-56.638386
-114.10971
149.68129
-79.24323
-22.910923
0.11994743
1.2961981
85.347534
-232.29672
-41.953796
-125.20816
-27.222843
120.59912
27.248285
135.97844
50.983585
74.757774
58.780853
95.54997
67.52237
-137.83649
10.753341
-38.97705
107.79278
-154.58563
-96.385376
3.4690793
-95.934425
-88.44655
4.1717
27.141596
-3.016128
33.049706
24.31166
94.286125
