87.28125
182.25304
13.729874
-8.617392
75.72521
107.127174
-18.972946
-167.38239
-17.635853
11.698149
-125.208626
125.07547
-51.706997
171.1877
-103.05603
105.78022
-48.927197
49.171894
-28.712755
-53.7078
67.95444
75.16729
34.759155
-89.58311
-49.344276
-3.0726094
-94.98328
-75.351776
-24.043312
97.1118
111.655045
31.21403
89.19075
-150.12633
117.040596
-14.255959
-124.768745
-60.501877
48.856316
168.39558
-124.49221
75.43606
99.18828
-22.047794
23.582378
-128.92543
72.21453
-58.81257
-114.840416
148.75195
-80.0937
-22.910923
1.976624
1.2961981
85.347534
-231.68039
-43.23307
-123.2752
-29.941648
126.51742
29.00376
134.79564
48.421505
72.746284
57.419506
95.187
68.103645
-137.83649
11.621288
-38.97705
107.5174
-153.70059
-96.385376
0.76112866
-98.862274
-92.9234
2.5150466
27.141596
-3.016128
33.01457
24.134176
102.631134
