95.41312
177.03279
10.302967
-16.67008
72.71775
108.061165
-18.671835
-170.8081
-6.142145
12.271385
-128.05515
127.68794
-49.76022
176.84604
-101.740265
104.56088
-46.695942
47.046303
-21.478508
-48.860767
68.558975
81.998
27.545866
-90.73392
-48.766575
-3.508995
-91.88008
-73.01366
-24.927963
93.27098
114.81714
39.719704
90.65844
-154.80603
116.61698
-18.502438
-122.15957
-69.61178
46.066696
162.66995
-127.61141
72.339035
101.193474
-21.328526
24.052223
-130.50542
71.625694
-52.19736
-122.29834
144.46906
-80.09297
-16.722174
5.3697424
5.1733575
90.5046
-232.66795
-44.387447
-127.461136
-23.783846
119.7963
25.67915
125.259346
59.39195
76.49788
59.395123
88.31178
66.39368
-133.73294
16.285969
-40.232895
110.70375
-152.66016
-98.32063
7.011466
-99.02951
-96.13325
2.3607838
22.474888
-1.8352318
41.530834
23.117012
102.60333
