96.98518
177.03279
10.937343
-14.604762
72.71775
108.061165
-20.044083
-170.8081
-8.598158
12.271385
-126.59012
127.68794
-48.650383
175.93561
-101.740265
104.24401
-48.908295
44.470722
-21.478508
-48.860767
68.558975
83.17025
28.638336
-90.73392
-48.710323
-7.0879717
-87.723274
-73.01366
-22.711182
96.232895
114.81714
39.719704
90.65844
-153.07611
116.61698
-19.008677
-122.44804
-67.488884
46.066696
163.62633
-127.921165
72.18946
101.193474
-19.8885
24.052223
-130.09962
74.23934
-50.83079
-122.62368
144.46906
-78.6575
-16.722174
5.3697424
5.1733575
93.48367
-232.33517
-45.85588
-127.461136
-24.279455
117.87485
24.566372
127.951126
59.39195
78.22287
59.395123
88.920616
66.39368
-133.79677
16.285969
-40.232895
110.70375
-155.57909
-99.003
7.011466
-99.02951
-95.36311
-0.06247759
25.163006
-1.8352318
41.530834
23.117012
102.60333
