87.13007
186.80164
15.199327
-11.405815
80.26322
105.16941
-18.543745
-167.59102
-17.448671
7.908889
-124.34838
127.58253
-51.39359
173.68332
-103.63724
107.453926
-46.87602
49.9288
-23.883049
-52.500443
69.747055
78.43737
30.947794
-89.032486
-46.47748
-3.5349507
-96.03752
-75.46341
-24.197685
99.78471
112.27582
36.33589
89.21503
-149.71933
118.07045
-13.826016
-126.07875
-70.95416
50.134483
164.84521
-121.92508
76.71678
100.60405
-24.65411
23.582378
-128.85915
72.17704
-55.18555
-115.05267
149.68129
-80.31231
-23.054102
-1.5760069
3.1980288
84.61222
-226.94356
-45.26841
-125.62653
-30.055285
123.8243
26.686928
135.7089
52.362514
72.68302
57.65619
93.44682
65.38638
-140.83087
13.065496
-40.917595
104.94616
-155.72507
-98.88084
1.4568379
-98.862274
-94.45936
2.5150466
24.266878
3.8651524
42.239952
24.31166
97.92829
