89.72212
182.25304
13.6374035
-8.617392
82.081985
103.18128
-20.120853
-167.38239
-17.656143
10.052143
-122.54636
125.0847
-48.631363
171.59932
-104.224884
107.677704
-46.133183
44.17294
-26.704918
-53.7078
67.77384
76.36143
34.759155
-87.04687
-46.513683
-3.5826225
-97.319214
-75.351776
-24.047888
95.06291
111.655045
33.399796
90.01982
-152.70413
117.040596
-11.983646
-124.609406
-68.99004
48.856316
168.39558
-122.65966
75.13235
98.39236
-24.142572
25.72782
-126.01317
72.21453
-56.638386
-114.10971
149.68129
-79.24323
-22.910923
-0.67180705
-1.6194017
84.61222
-229.44557
-42.595547
-125.91761
-29.948818
121.39264
26.13878
135.97844
50.983585
74.757774
56.366978
94.25294
67.52237
-139.58075
13.065496
-40.5788
104.94616
-154.58563
-96.60168
3.1003947
-97.811745
-92.9234
2.5150466
24.425055
-3.016128
41.75905
24.31166
99.84551
