94.589836
174.75647
10.937343
-19.655159
72.71775
110.89243
-17.272339
-171.62936
-6.08039
12.271385
-129.59383
127.68794
-48.650383
173.12714
-102.44234
102.15978
-47.002914
47.33503
-21.478508
-48.860767
70.669205
84.42851
27.545866
-90.73392
-49.689762
-6.0268183
-90.46271
-74.06447
-24.223322
96.12836
113.97298
39.719704
90.65844
-153.07611
118.89569
-19.008677
-119.60134
-69.758514
43.750835
163.62633
-127.921165
72.339035
101.193474
-22.106295
24.052223
-130.09962
72.97565
-52.19736
-120.2391
145.944
-78.6575
-16.722174
5.3697424
5.1733575
90.5046
-230.10591
-43.675114
-125.79818
-26.642271
116.764626
26.751905
130.33774
56.731785
75.48537
60.310127
88.920616
64.93405
-131.50703
13.4709
-39.876858
110.70375
-155.57909
-99.003
7.011466
-99.02951
-96.13325
2.3607838
22.993713
-1.8352318
41.85574
24.938007
104.03457
