87.28125
184.86058
13.472937
-8.909373
76.75503
107.127174
-17.959372
-169.03816
-17.656143
11.698149
-125.208626
125.0847
-49.356598
171.59932
-103.05603
104.322525
-46.133183
49.171894
-28.653746
-52.13569
70.50218
76.36143
28.790968
-87.04687
-49.344276
-3.5349507
-94.98328
-75.351776
-27.031166
97.1118
112.966965
34.483788
90.01982
-146.6858
117.040596
-11.983646
-124.609406
-64.59836
48.856316
164.84521
-122.65966
77.08526
99.18828
-18.400946
23.582378
-126.01317
72.21453
-53.09597
-114.10971
149.68129
-80.31231
-17.64711
-0.67180705
1.2961981
84.61222
-229.44557
-42.595547
-123.2752
-29.948818
123.8243
27.248285
135.97844
50.379715
74.757774
58.780853
94.25294
67.52237
-138.76912
10.753341
-40.5788
107.79278
-154.45132
-95.074974
0.76112866
-97.811745
-88.44655
2.5150466
24.425055
-3.016128
33.01457
24.31166
99.84551
