89.03645
185.4078
13.7247505
-6.051285
79.55385
107.127174
-17.740582
-169.65933
-15.670542
7.116941
-125.208626
124.711136
-48.881832
171.59932
-105.0462
107.677704
-46.133183
47.81838
-28.653746
-54.42606
65.24659
78.58325
28.790968
-90.9742
-52.568253
-3.5826225
-94.86172
-77.43868
-24.047888
95.06291
113.659325
33.399796
92.92332
-148.88414
118.07045
-13.826016
-126.00235
-60.428345
45.79873
169.0806
-121.91069
77.14409
97.03996
-15.501959
25.85532
-122.39759
72.17704
-55.17668
-114.840416
149.68129
-77.969864
-22.32926
-0.67180705
0.3465302
83.74734
-227.4409
-43.750668
-122.99464
-29.941648
121.15329
26.13878
134.79564
51.088474
75.00713
57.615063
93.224724
67.52237
-137.83649
8.669828
-38.10341
105.64536
-156.27174
-90.02404
0.76112866
-98.166626
-88.44655
1.1118593
25.530865
1.5868821
33.01457
27.478897
99.84551
