89.72212
181.75003
13.472937
-8.909373
73.7776
103.18128
-17.959372
-169.80017
-13.918901
11.698149
-125.208626
124.8476
-49.356598
174.59369
-104.93735
104.322525
-46.133183
45.18873
-26.704918
-53.7078
66.32463
75.46465
34.759155
-89.032486
-51.005795
-3.5826225
-97.319214
-76.21149
-26.830997
97.877716
112.169266
33.399796
90.01982
-148.88414
117.51088
-13.826016
-123.59338
-68.99004
48.856316
168.39558
-122.65966
75.13235
96.50875
-18.400946
27.561205
-124.96147
74.71303
-53.09597
-114.10971
151.93266
-79.24323
-23.532404
0.11994743
1.2961981
84.20359
-229.44557
-44.90044
-122.680695
-32.58847
123.8243
26.13878
134.79564
50.379715
73.06121
59.12021
92.04584
68.20635
-137.83649
13.065496
-36.26974
104.94616
-154.00755
-96.66619
-1.6487632
-98.862274
-88.44655
-0.36876225
26.804396
-3.016128
41.75905
24.330242
97.02675
