87.28125
182.25304
13.729874
-8.909373
79.55385
103.18128
-18.543745
-169.03816
-17.656143
10.052143
-125.208626
125.07547
-49.356598
171.35614
-104.224884
107.677704
-46.133183
49.171894
-28.653746
-53.7078
67.77384
76.36143
28.790968
-87.04687
-51.005795
-3.5349507
-97.319214
-75.46341
-24.047888
97.1118
112.966965
31.151443
88.437256
-148.88414
117.040596
-13.826016
-124.609406
-63.198658
48.856316
164.84521
-124.49221
76.71678
98.39236
-24.142572
23.582378
-121.30381
72.17704
-53.09597
-114.10971
149.68129
-79.24323
-22.910923
0.11994743
0.7705109
84.61222
-228.96844
-41.64328
-123.2752
-29.948818
123.8243
26.13878
135.97844
50.379715
74.757774
59.12021
94.25294
67.52237
-137.83649
10.753341
-38.97705
107.79278
-153.70059
-91.39755
0.76112866
-98.862274
-88.44655
2.5150466
27.141596
-3.016128
42.355297
24.31166
99.84551
