99.405
174.22043
11.012945
-14.160215
72.71775
107.1912
-20.606445
-173.5333
-8.598158
11.528526
-127.118385
127.68794
-50.017925
176.55128
-100.09721
104.05558
-47.439255
49.181637
-19.506817
-47.692078
70.37932
83.67884
27.545866
-90.98927
-49.225056
-5.2380133
-88.26982
-73.01366
-27.871586
95.8583
114.81714
40.168427
90.74609
-153.07611
115.53993
-21.070225
-122.44804
-65.52989
44.23369
161.64117
-129.03127
70.58075
102.60732
-18.523878
22.797785
-131.13724
71.9328
-53.32876
-122.29834
144.87492
-76.49338
-16.722174
3.0043824
2.745414
90.455986
-229.89636
-41.429554
-126.5553
-22.20785
120.39654
25.104942
130.31436
61.78942
80.49141
58.52861
87.561066
66.39368
-132.77612
16.285969
-37.281727
110.70375
-154.06656
-97.79895
7.4070153
-99.02951
-97.45818
0.7113304
20.240875
-3.7941885
41.08676
22.198206
105.095436
