85.34784
184.80484
14.705601
-5.6682463
78.10676
104.734344
-18.543745
-165.99063
-16.307306
10.768671
-120.89625
124.753395
-49.437004
173.60872
-102.77487
108.172485
-43.856133
49.782288
-26.556042
-54.56684
73.33223
75.7817
27.17014
-86.92398
-53.44747
-3.0781097
-94.39051
-75.351776
-22.831919
97.132416
110.05681
30.948284
92.04619
-146.50745
119.698074
-15.504287
-122.56086
-61.468544
48.71156
171.00159
-125.23796
79.49517
100.655235
-21.248672
23.616062
-123.76862
73.80757
-58.41083
-115.30955
146.99844
-79.10705
-17.79715
0.3945048
1.9084456
83.48269
-227.5138
-40.96447
-120.418175
-28.60724
125.79454
24.219452
134.67073
51.271767
77.022514
59.088875
95.46784
67.217995
-136.01443
11.037645
-40.5788
107.84457
-155.58508
-97.14656
3.9987216
-99.91517
-91.22888
4.71175
27.971247
2.270546
35.71024
26.95815
100.98126
