98.976295
177.03279
13.232604
-16.67008
72.71775
108.061165
-18.671835
-170.8081
-8.598158
12.271385
-126.66996
126.012405
-48.650383
176.474
-99.52968
104.05558
-48.908295
47.046303
-21.478508
-46.250885
70.984436
82.69705
30.443066
-88.33859
-48.766575
-6.0268183
-91.499695
-70.74779
-25.526018
97.93501
114.81714
40.410175
91.91148
-151.60632
116.61698
-17.529985
-122.44804
-67.488884
43.567036
162.8059
-130.78119
73.75241
98.32925
-20.372953
24.052223
-130.09962
73.03267
-52.782574
-124.45545
143.93097
-81.37814
-15.640411
5.3697424
5.1733575
90.5046
-230.43333
-41.81997
-127.461136
-24.279455
117.87485
25.560497
127.951126
58.739307
78.22287
56.40439
88.920616
66.2402
-134.71777
15.018841
-37.380325
108.838684
-155.57909
-99.003
9.415433
-100.42777
-96.13325
1.7608674
22.878216
-2.8455112
43.09096
25.924679
101.20989
