89.64093
184.86058
13.472937
-8.617392
78.84134
105.086845
-18.844107
-167.32956
-15.299871
14.124811
-123.08331
125.0847
-50.16417
171.59932
-103.05603
107.677704
-46.133183
43.094666
-26.151714
-53.7078
67.77384
74.52962
33.179386
-85.00645
-50.505745
-3.5349507
-94.98328
-75.351776
-24.702688
92.16662
112.966965
28.705618
90.01982
-150.00208
119.67779
-14.165249
-124.30546
-67.821335
48.759136
166.19351
-123.86722
74.01563
100.20202
-23.62348
25.72782
-125.38208
72.21453
-56.638386
-115.12134
149.68129
-80.11554
-21.81683
0.11994743
1.1271203
87.87344
-228.96844
-44.559834
-128.16878
-27.412592
123.8243
27.248285
134.79564
50.379715
73.49952
59.12021
94.25294
67.52237
-138.82283
13.065496
-43.24201
107.79278
-153.70059
-94.58775
3.1003947
-100.57611
-90.90274
2.5150466
22.287422
-3.199664
35.738804
22.165226
97.19819
