96.98518
178.27986
9.106127
-14.542198
74.18813
108.7271
-19.085264
-172.9212
-8.598158
11.767546
-128.05515
127.68794
-47.840057
173.6596
-103.64005
105.16633
-48.908295
46.38633
-18.841267
-48.860767
66.358734
84.66038
28.128765
-93.5534
-47.210735
-3.428709
-90.46271
-71.81142
-22.182491
98.4243
115.49915
39.719704
90.13075
-153.67911
115.695595
-18.858992
-122.75696
-69.78067
46.066696
160.81458
-128.38966
70.73462
101.193474
-21.328526
25.818323
-131.50322
71.625694
-49.51657
-119.69681
144.28568
-78.6575
-16.722174
4.3011746
5.1733575
92.27674
-232.33517
-43.749653
-128.34406
-21.941772
120.2371
27.744467
129.10004
57.388184
76.86128
57.91299
89.42913
63.953346
-130.84373
13.828509
-39.309196
110.70375
-156.2901
-99.003
7.038078
-96.50621
-97.24784
2.3607838
22.438845
0.6185007
44.249954
24.056042
100.42166
