89.05965
183.66481
14.102856
-11.104413
77.08587
103.22053
-19.346884
-170.76018
-16.434639
12.376026
-127.09324
123.90026
-50.80527
173.55771
-106.87912
108.94046
-51.31354
41.325485
-25.602604
-52.085804
67.32994
75.29512
28.710459
-89.3333
-52.080994
-6.425365
-99.245514
-73.650955
-29.163298
95.330086
113.26692
31.094738
85.60489
-150.17903
117.93765
-12.816474
-121.93674
-68.95794
44.720184
164.52045
-123.54518
73.53066
101.33167
-22.064194
25.21734
-123.50965
73.00066
-53.95566
-113.47195
149.68129
-79.07738
-21.75086
1.979784
-1.192344
86.83794
-231.72177
-39.792904
-122.708015
-32.804665
121.99559
29.028553
138.5784
53.221897
72.884895
61.413795
94.43186
65.24846
-139.30176
13.187969
-42.902096
106.85996
-152.36443
-93.257904
5.168094
-95.608116
-92.9234
2.9027746
25.673223
-0.5743923
30.607635
26.18677
96.84844
