85.923134
184.9953
15.757791
-6.7817802
76.75503
103.18128
-16.835358
-167.35844
-15.7776575
13.370796
-125.208626
125.07547
-49.1692
171.59932
-101.404015
107.677704
-46.133183
49.7218
-25.233932
-54.985336
67.77384
79.0792
31.76958
-86.43073
-51.005795
-2.4899654
-93.65015
-78.29931
-26.830997
96.651924
115.601135
33.487366
90.01982
-148.88414
117.040596
-13.571834
-127.72927
-69.17047
46.246994
171.36073
-123.12914
73.872406
95.72691
-18.400946
23.582378
-126.01317
72.17704
-50.65431
-111.68281
148.14737
-78.956505
-17.64711
-0.27041197
1.4418321
85.58652
-228.4165
-41.241547
-123.102104
-27.59792
123.8243
26.13878
135.97844
50.983585
74.757774
58.780853
91.550064
68.63748
-136.3404
13.065496
-40.5788
102.082344
-150.91997
-91.39755
0.76112866
-97.58464
-88.44655
2.5150466
24.77294
-4.8786426
39.150826
25.15134
96.82289
