94.33057
177.03279
10.937343
-18.788803
74.68041
108.061165
-18.671835
-172.28809
-6.544251
10.003067
-126.82932
127.68794
-50.631325
175.19606
-102.99216
104.05558
-47.777042
47.29404
-20.25809
-47.243416
65.88802
83.67884
27.545866
-93.34648
-49.73441
-7.0714192
-92.86333
-70.015114
-22.722874
98.41865
116.36033
41.443275
89.765045
-152.00291
114.34696
-20.310238
-122.44804
-66.36362
46.066696
163.62633
-128.08563
72.339035
102.70828
-21.328526
21.462446
-130.09962
71.625694
-52.295002
-121.09051
144.15758
-78.70102
-16.722174
5.3697424
4.1547995
91.90988
-233.91826
-44.127914
-127.461136
-25.311852
117.87485
24.892984
127.951126
56.963337
79.07254
60.403625
91.87389
66.39368
-131.8621
17.801525
-40.232895
109.83505
-156.9568
-100.983536
5.041354
-101.13227
-95.881546
5.2219543
22.993713
-3.292348
41.530834
23.117012
104.943375
