98.290405
177.03279
12.3344965
-15.377303
71.22365
108.83974
-18.671835
-167.83682
-6.166089
12.271385
-130.76454
127.68794
-48.650383
172.22433
-104.07288
106.45498
-48.887157
44.518494
-21.478508
-48.860767
68.558975
83.67884
28.346443
-90.73392
-48.766575
-4.240757
-90.46271
-73.01366
-24.927963
96.232895
113.23798
39.697945
88.01451
-153.07611
117.992935
-18.574345
-122.3546
-66.671165
46.066696
163.62633
-127.921165
69.706505
101.193474
-18.4818
24.052223
-129.68362
74.139404
-51.184906
-119.724335
146.22667
-78.6575
-14.612859
4.4379063
7.1469245
91.41793
-234.28416
-43.33627
-127.461136
-24.279455
119.86856
24.979572
127.951126
59.39195
78.22287
59.395123
86.53152
66.36487
-132.87941
16.285969
-39.69702
112.56253
-155.57909
-99.003
5.006382
-97.52194
-96.13325
2.3607838
22.993713
-1.8272402
39.00201
23.847893
102.15829
