86.88833
179.69562
12.463518
-6.3053827
74.94562
102.3818
-17.163746
-167.3605
-16.75351
12.671745
-124.8046
123.5966
-46.117317
169.80667
-105.33905
106.24507
-45.567223
48.01835
-25.024414
-53.609787
66.48336
80.65338
33.586544
-87.83016
-50.8461
-5.8652887
-95.7447
-73.88341
-23.205982
99.62674
114.31903
35.721733
88.518326
-148.89296
116.779106
-12.442198
-123.723625
-66.93223
50.34106
165.73524
-124.150276
76.521065
97.97335
-26.383915
20.659273
-121.939224
73.714554
-51.102974
-115.955475
142.37073
-80.31231
-22.247019
3.070633
3.6173747
87.47223
-226.47742
-40.026707
-124.56055
-27.685774
121.0486
27.379988
134.2316
52.84688
72.71339
59.592064
93.758415
67.52237
-138.89415
9.56613
-37.93437
104.31849
-156.24481
-93.7845
-0.32306314
-97.33215
-90.138664
4.738981
24.33257
0.017576694
41.984165
24.227869
101.720436
