96.98518
180.02753
10.937343
-16.67008
72.71775
110.359276
-18.671835
-172.1905
-9.320504
12.271385
-128.05515
126.884636
-49.226532
174.33133
-101.740265
104.05558
-48.908295
47.046303
-21.478508
-48.860767
71.20429
83.67884
27.545866
-90.73392
-48.766575
-6.0268183
-88.38182
-74.87458
-24.927963
96.232895
114.81714
39.719704
91.89817
-152.63635
116.61698
-19.922579
-122.44804
-67.488884
46.066696
163.62633
-125.36349
70.578804
101.193474
-21.328526
24.052223
-130.09962
71.20593
-49.43054
-123.937675
144.46906
-78.6575
-16.722174
5.3697424
7.6424136
91.77765
-230.87346
-43.486443
-127.461136
-25.484692
119.58632
24.198818
127.951126
59.39195
76.41877
59.395123
88.920616
66.39368
-133.79677
16.285969
-37.25695
109.67739
-157.64763
-99.003
7.4521294
-100.654465
-98.79333
4.857747
22.993713
-1.8352318
41.530834
25.677288
102.60333
