96.98518
177.03279
10.083536
-16.67008
72.71775
108.061165
-21.41621
-173.13062
-11.430788
12.271385
-130.7765
127.36903
-48.650383
174.53522
-101.740265
106.21939
-48.908295
48.586617
-21.478508
-48.860767
65.83544
84.360855
27.545866
-90.73392
-48.766575
-3.190322
-90.4214
-70.32383
-24.694477
96.232895
114.81714
39.719704
90.65844
-152.81839
116.61698
-19.008677
-122.44804
-67.488884
46.066696
163.62633
-127.921165
72.339035
101.193474
-22.954605
22.025919
-130.09962
71.625694
-52.19736
-121.9602
144.46906
-79.34162
-16.722174
5.3697424
7.341528
90.5046
-234.25603
-44.387447
-127.461136
-24.279455
117.87485
24.892984
127.951126
58.37119
78.22287
57.98305
86.06507
66.3204
-132.49182
16.285969
-37.342293
110.80015
-155.57909
-96.577805
8.741357
-99.02951
-97.1419
2.3607838
24.042664
-4.216128
41.530834
23.117012
101.397835
