96.98518
177.03279
10.937343
-19.00061
72.71775
108.061165
-18.671835
-170.8081
-8.598158
12.271385
-130.72145
127.68794
-48.650383
174.53522
-99.400925
104.05558
-48.908295
47.046303
-21.478508
-48.860767
68.558975
83.67884
24.695925
-90.73392
-50.97348
-6.0268183
-90.46271
-70.673416
-24.927963
96.232895
114.81714
39.719704
90.65844
-153.07611
116.61698
-19.008677
-120.27387
-67.488884
46.066696
163.62633
-127.921165
73.33764
101.193474
-23.555902
24.052223
-130.09962
71.625694
-52.19736
-122.29834
144.46906
-76.946785
-14.969925
5.3697424
5.1733575
90.5046
-232.33517
-46.901405
-127.461136
-24.279455
117.87485
24.892984
127.951126
59.39195
78.22287
59.395123
88.920616
66.39368
-133.79677
16.285969
-40.232895
110.70375
-155.57909
-99.003
7.011466
-99.02951
-96.13325
2.3607838
22.993713
-1.8352318
41.530834
23.117012
102.60333
