87.358864
186.64226
16.16261
-8.646644
76.846855
103.78951
-16.468914
-169.12823
-18.98121
12.211052
-122.54636
123.5677
-50.922325
172.71835
-100.202065
106.23806
-49.861877
42.912735
-26.740334
-53.46923
66.80942
77.25572
35.180714
-86.883705
-48.187607
-3.5349507
-93.446465
-77.77691
-21.139994
97.98488
114.5112
31.151443
88.437256
-146.91032
118.07045
-16.721094
-122.370224
-68.99004
46.742992
165.15508
-122.87741
76.80916
98.99408
-23.835043
26.575855
-118.521675
72.17704
-52.72469
-115.444824
142.27388
-80.76165
-19.494656
-3.1893284
1.2961981
85.248856
-230.40816
-42.271744
-125.43464
-27.313534
124.9159
28.975512
134.4084
50.904957
75.21749
58.598038
92.22631
69.88871
-139.86078
11.23877
-42.99975
109.6181
-155.82332
-89.37829
2.1732938
-98.44087
-92.9234
4.4193225
22.473885
-3.016128
44.143993
22.152218
98.46117
