87.28125
182.25304
12.435373
-8.617392
78.6357
107.127174
-17.959372
-169.03816
-17.656143
12.394455
-122.54636
125.07547
-46.42994
170.92047
-103.16515
107.677704
-48.943874
44.17294
-28.653746
-51.12744
67.56532
76.36143
28.790968
-90.51638
-51.005795
-3.5349507
-97.319214
-75.351776
-26.830997
97.1118
112.966965
33.39383
90.01982
-152.8345
117.040596
-13.826016
-126.07875
-63.198658
48.856316
162.43504
-124.49221
75.13235
100.83552
-24.142572
25.72782
-126.01317
72.21453
-56.638386
-114.840416
148.33098
-79.24323
-24.82976
-2.4242845
0.7502427
85.347534
-228.96844
-41.64328
-123.2752
-28.189342
123.287796
23.689716
134.33212
47.504395
72.163315
60.526417
92.28502
69.31162
-138.82283
13.019306
-38.97705
104.94616
-153.70059
-97.038704
0.76112866
-97.811745
-92.9234
-0.022518396
27.141596
1.0910883
33.01457
24.31166
99.84551
