89.72212
184.86058
13.472937
-8.617392
77.175316
108.16879
-18.543745
-169.03816
-13.918901
10.052143
-125.208626
125.1976
-49.655956
168.998
-104.224884
107.677704
-48.927197
44.522537
-26.704918
-53.7078
67.77384
77.98609
28.790968
-89.032486
-49.344276
-3.5826225
-94.98328
-75.9906
-24.047888
95.06291
113.15596
31.151443
90.01982
-148.88414
118.07045
-13.826016
-126.07875
-63.198658
48.120285
164.84521
-122.65966
77.02019
99.18828
-24.142572
23.582378
-126.01317
72.21453
-54.98394
-114.10971
145.24615
-79.24323
-22.910923
0.11994743
0.7705109
84.61222
-228.96844
-42.18515
-122.039375
-29.941648
123.8243
26.13878
133.56134
50.379715
73.06121
57.316982
94.25294
67.52237
-137.83649
13.065496
-38.231503
107.79278
-153.70059
-91.39755
4.3533554
-97.811745
-92.9234
-0.16102266
27.141596
1.0910883
33.01457
24.31166
97.02675
