89.72212
182.25304
13.472937
-8.909373
76.75503
107.127174
-17.959372
-169.03816
-13.918901
10.052143
-125.208626
125.0847
-48.631363
171.35614
-103.05603
107.677704
-48.927197
49.171894
-28.653746
-53.7078
70.50218
76.36143
28.790968
-87.04687
-51.005795
-3.5349507
-94.98328
-75.351776
-26.830997
97.1118
111.655045
33.399796
90.01982
-148.88414
118.07045
-11.983646
-126.07875
-63.198658
47.32688
164.84521
-124.49221
76.71678
99.18828
-24.142572
23.582378
-126.01317
72.21453
-53.09597
-114.10971
149.68129
-79.24323
-22.910923
-0.67180705
0.7705109
85.347534
-228.96844
-42.595547
-125.20816
-29.948818
123.8243
27.248285
134.79564
50.983585
73.06121
58.780853
94.25294
67.52237
-137.83649
13.065496
-40.5788
104.94616
-153.70059
-91.39755
0.76112866
-98.862274
-88.44655
2.5150466
27.141596
1.0910883
41.75905
24.31166
97.02675
