88.03789
184.26828
13.691365
-8.617392
75.10712
106.05805
-15.236864
-171.09677
-15.839973
10.052143
-123.21456
125.0847
-50.161606
172.18898
-105.58149
102.00525
-48.884487
49.171894
-26.001324
-53.7078
70.50218
75.89691
34.156425
-89.032486
-51.005795
-3.5826225
-97.319214
-72.5796
-21.449915
93.39341
114.383255
35.10296
87.19281
-145.9471
118.699234
-16.02798
-124.2592
-63.322155
49.105583
167.79916
-124.49221
75.82408
100.657036
-23.215258
21.955294
-126.01317
71.454865
-59.07307
-112.34589
150.11154
-80.714455
-17.264961
0.7467902
1.2961981
83.77358
-229.71649
-39.118042
-123.47156
-29.560396
121.39264
26.861095
134.79564
53.60428
74.45987
58.882656
95.94928
69.16686
-137.06284
14.726301
-41.339634
105.08597
-150.93567
-96.385376
1.5540268
-98.862274
-87.51088
0.42789173
21.740688
3.5912404
31.112211
26.785324
94.6202
