87.10668
183.12126
13.472937
-8.686718
76.19144
105.559685
-20.109142
-167.53136
-12.630699
13.328791
-125.1815
125.0847
-48.631363
173.1128
-101.986496
108.10579
-47.689735
41.27914
-28.891487
-51.725857
67.77384
79.19201
34.409317
-84.05351
-51.685905
-0.6529908
-95.78648
-77.78334
-22.663162
97.1118
111.79442
28.213726
88.437256
-147.40625
116.60353
-16.785313
-125.41691
-64.79001
46.904186
170.28345
-125.412766
77.799995
96.37422
-20.25712
23.711233
-119.66153
72.21366
-55.61063
-113.42574
152.40274
-81.47211
-22.254044
3.0868387
0.3101194
85.72829
-231.14111
-44.953938
-125.51429
-29.997158
119.74569
28.579386
138.58807
48.286312
71.750465
58.39633
92.45155
67.3687
-139.64104
11.973986
-40.7622
107.03522
-156.60161
-98.15919
5.8949237
-99.29082
-94.181694
2.8113813
23.825901
-0.99338436
35.952545
27.31539
97.02675
