97.332405
178.2509
11.909707
-15.373139
72.71775
110.98324
-18.671835
-169.05014
-8.598158
13.956963
-128.05515
128.44672
-48.650383
171.96674
-103.2953
104.05558
-48.07569
47.03931
-21.478508
-50.230503
68.558975
83.67884
28.786871
-90.73392
-45.87569
-7.231479
-87.97919
-73.75506
-24.927963
94.01859
114.81714
39.719704
92.8816
-154.90817
116.61698
-16.418217
-122.12178
-67.488884
47.10317
164.20789
-127.921165
71.05648
101.193474
-21.328526
23.809174
-129.30142
73.02805
-51.9767
-124.13018
144.46906
-78.6575
-19.720615
5.3697424
7.3327155
90.5046
-232.33517
-44.387447
-129.34906
-21.649426
115.98904
22.82928
128.38155
62.359158
79.38359
61.268394
88.920616
67.31696
-133.79677
14.650212
-40.232895
110.70375
-155.57909
-99.829666
9.239125
-98.47536
-95.21179
2.2995865
24.38248
-1.8352318
41.530834
21.583647
103.17933
