94.923035
177.39684
13.111613
-16.960873
74.274254
105.252205
-16.051296
-172.49884
-10.48782
10.219149
-127.6748
125.29811
-48.337574
174.85883
-101.96143
105.482025
-51.553566
44.431526
-20.276928
-49.552067
65.859695
82.231186
29.646942
-92.336685
-50.84608
-6.6235523
-90.381096
-73.20428
-24.256865
96.29599
117.36835
40.528725
90.40471
-153.12804
115.2694
-17.11947
-120.3614
-66.171394
47.97164
162.30734
-127.921165
74.634094
100.547386
-22.231346
21.403555
-130.63976
71.61787
-51.28866
-124.83667
144.43272
-77.634705
-18.42374
4.037113
6.2960963
89.988
-233.83322
-45.199024
-125.253395
-23.145527
116.830795
24.236467
128.1199
60.26091
78.84828
58.867268
87.99746
67.10282
-133.72716
16.039627
-41.918198
112.46048
-156.28528
-100.992744
6.3911505
-98.42646
-96.04184
3.5958064
25.720268
0.016773224
41.910095
21.237452
100.322876
