87.28125
184.86058
16.366022
-8.617392
77.77368
107.127174
-21.220154
-167.38239
-13.918901
11.698149
-122.54636
125.0847
-48.631363
171.35614
-103.05603
106.99642
-51.034977
49.171894
-26.704918
-53.7078
67.55069
76.36143
30.770283
-87.04687
-49.344276
-3.5349507
-94.003044
-74.40107
-26.830997
97.1118
112.966965
33.165024
92.81743
-150.96133
117.11272
-10.0080595
-124.609406
-63.198658
48.213577
167.20651
-122.42134
77.56476
98.043
-21.706638
23.582378
-121.30381
72.21453
-53.668903
-114.840416
145.24615
-78.663246
-22.889153
1.8411121
1.7304635
84.61222
-228.75287
-42.595547
-120.36253
-29.941648
123.8243
26.13878
134.79564
49.873474
73.06121
61.031456
94.25294
67.52237
-140.44887
10.753341
-38.97705
107.05369
-153.70059
-91.39755
0.76112866
-99.251945
-87.557205
2.0308764
27.043602
-1.6264336
33.01457
23.532671
97.02675
