96.98518
177.03279
10.937343
-16.67008
72.71775
108.061165
-18.671835
-168.3755
-8.598158
12.5884495
-128.05515
127.68794
-48.650383
174.53522
-101.740265
104.05558
-48.908295
47.046303
-21.478508
-48.860767
68.558975
83.67884
27.545866
-90.73392
-51.079033
-8.34381
-90.46271
-73.01366
-24.927963
96.232895
114.81714
39.719704
90.65844
-153.07611
116.61698
-19.008677
-122.44804
-67.488884
46.066696
163.62633
-127.921165
72.339035
101.193474
-19.013668
22.483027
-130.09962
73.43606
-52.19736
-122.29834
144.46906
-78.6575
-19.2942
4.610425
7.014958
90.5046
-232.33517
-46.044243
-127.461136
-24.279455
117.87485
24.892984
127.951126
60.66599
78.22287
59.395123
88.920616
66.39368
-133.79677
15.995021
-40.232895
110.70375
-155.57909
-99.003
7.011466
-99.02951
-96.13325
2.3607838
22.993713
-1.8352318
41.530834
23.117012
102.60333
