96.98518
177.03279
11.512603
-16.67008
72.71775
105.592026
-18.671835
-170.8081
-8.598158
12.271385
-128.05515
127.37235
-48.650383
174.95406
-101.99746
104.05558
-48.908295
47.046303
-21.903831
-48.860767
68.558975
81.61203
27.545866
-90.73392
-48.766575
-6.0268183
-89.22597
-73.01366
-24.927963
96.232895
114.81714
39.719704
90.65844
-153.07611
116.61698
-19.008677
-122.44804
-66.12667
46.066696
163.62633
-127.921165
72.339035
101.193474
-21.328526
24.052223
-130.09962
71.625694
-52.19736
-119.89174
144.46906
-78.6575
-17.801414
5.3697424
5.1733575
90.5046
-232.33517
-44.387447
-127.461136
-24.279455
115.17666
24.892984
126.197014
59.39195
78.22287
59.395123
88.920616
68.041176
-133.79677
16.285969
-41.378777
110.70375
-154.92168
-96.12738
7.011466
-99.02951
-96.13325
1.3561077
22.993713
-3.9302988
41.530834
23.117012
100.835266
