98.76808
178.08353
10.100971
-17.971127
74.74145
108.061165
-18.671835
-169.97536
-5.946709
12.271385
-126.33422
127.68794
-48.650383
175.15001
-104.52371
104.05558
-48.908295
47.046303
-19.073875
-48.860767
70.378105
83.67884
27.749634
-90.73392
-46.358376
-6.0268183
-91.61847
-73.01366
-24.927963
93.44284
112.65981
40.372265
89.67564
-153.79483
116.61698
-19.008677
-124.2468
-66.12295
46.066696
163.62633
-127.921165
72.339035
101.17117
-21.328526
24.052223
-130.09962
71.625694
-54.961014
-122.29834
144.46906
-77.82302
-16.722174
5.3697424
5.1733575
90.82796
-232.33517
-44.387447
-125.07663
-24.279455
117.87485
24.892984
127.951126
60.676315
78.3066
59.395123
89.083725
66.39368
-133.79677
16.285969
-40.232895
107.737854
-155.57909
-99.003
4.5046043
-96.52381
-96.365524
2.3607838
22.993713
-1.6556633
41.530834
25.391678
101.58037
