88.29889
182.25304
15.712183
-8.617392
75.1181
107.127174
-16.72325
-168.902
-15.6793
11.698149
-124.230034
123.8481
-51.56277
171.62494
-104.224884
106.10698
-44.731674
46.481323
-26.704918
-51.888912
67.77384
77.83116
33.82796
-89.21279
-51.295776
-5.7572126
-99.924034
-75.351776
-25.15074
99.015434
111.655045
30.077251
89.721634
-149.52548
114.05404
-11.834628
-122.20984
-65.51462
44.97461
165.90596
-124.43943
76.71678
98.39236
-16.893787
24.437199
-124.09357
74.64676
-55.157967
-117.171715
145.24615
-82.2925
-17.489548
-2.1197035
1.2240489
86.28392
-232.19153
-39.95813
-125.11043
-32.094933
122.97325
29.864202
136.99312
49.353565
70.51684
57.102234
94.604
69.601074
-140.09521
13.831483
-41.7185
104.94616
-152.98303
-92.74476
3.5608842
-99.17884
-88.17088
2.5150466
23.866732
-4.0990286
33.01457
26.038284
99.47944
