91.09281
183.71275
12.676353
-8.617392
74.53487
101.31749
-18.543745
-165.19492
-11.418597
10.052143
-119.69577
126.12841
-49.37419
171.19543
-102.84686
107.677704
-47.33461
50.12697
-24.664684
-55.236866
69.91446
75.34873
35.84482
-91.61637
-51.005795
-3.763683
-97.319214
-73.48491
-24.047888
97.1118
112.482216
31.151443
89.94094
-150.04852
115.35658
-13.826016
-126.631775
-63.198658
47.32688
168.39558
-121.57291
76.71678
98.39236
-25.794765
27.728777
-125.53373
72.17704
-56.638386
-114.20786
145.23224
-80.01306
-15.957354
-1.3881571
1.2961981
83.06808
-228.96844
-39.30588
-125.82074
-29.941648
125.11888
24.78694
137.63274
53.113213
70.52179
58.780853
92.84377
66.99236
-137.83649
13.065496
-41.140667
105.30347
-153.00485
-91.39755
1.8328264
-97.811745
-92.30055
5.410064
29.544224
-3.016128
43.168564
27.691763
97.02675
