89.72212
184.86058
13.729874
-9.745295
74.33654
103.18128
-16.040773
-165.08995
-16.006765
12.218052
-121.97546
124.84002
-49.583733
171.59932
-106.10385
107.87266
-47.086
51.786613
-27.078947
-52.27262
70.50218
75.07195
35.494164
-87.04687
-50.072723
-3.5349507
-97.319214
-78.04172
-26.686335
95.581436
112.06956
33.994312
90.01982
-150.96133
119.91907
-14.234844
-123.26458
-63.198658
48.856316
167.2039
-124.49221
78.323875
97.31847
-22.785118
25.72782
-125.76471
72.61756
-56.638386
-117.636635
144.75919
-80.31231
-17.64711
2.4029856
0.7705109
84.61222
-226.8769
-41.803032
-123.21688
-29.948818
121.63979
30.179468
134.73526
53.100033
74.81104
58.780853
94.25294
64.66318
-137.83649
8.059575
-40.5788
106.35263
-152.46408
-96.385376
4.116715
-101.135544
-89.96067
2.1307833
29.501064
-3.016128
41.75905
24.31166
97.02675
