91.496284
184.86058
10.86857
-9.758477
79.55385
107.127174
-18.543745
-167.38239
-17.2889
11.698149
-125.209305
127.20248
-46.92551
169.85452
-104.224884
104.322525
-48.927197
49.797955
-26.704918
-52.716694
70.2518
79.70089
28.790968
-89.032486
-46.60152
-3.5826225
-97.2963
-75.351776
-26.250519
94.74353
111.655045
33.399796
87.85197
-150.96133
117.040596
-16.249222
-125.10773
-68.99004
47.32688
167.165
-124.59899
76.914474
98.39236
-24.922396
23.582378
-122.06846
74.396645
-50.973534
-113.65081
149.68129
-81.90249
-17.64711
0.11994743
1.2961981
83.625465
-229.44557
-43.274315
-125.76277
-31.191595
123.8243
29.572092
137.5188
50.983585
73.06121
58.217724
94.43186
67.52237
-140.81894
13.065496
-40.5788
104.94616
-153.70059
-91.47074
0.76112866
-98.85362
-92.9234
4.9375443
24.90065
-2.347934
33.782356
25.3414
99.84551
