96.98518
177.03279
9.546326
-16.67008
72.71775
108.061165
-18.671835
-172.43785
-8.598158
12.271385
-128.05515
129.44159
-47.67805
174.53522
-101.740265
104.05558
-48.908295
47.046303
-21.478508
-48.860767
70.79809
81.80553
28.105465
-90.73392
-48.766575
-6.0268183
-90.46271
-73.0309
-24.927963
96.232895
113.59695
42.444008
90.65844
-155.39417
116.61698
-19.008677
-124.849495
-65.44416
46.066696
163.62633
-127.921165
72.339035
101.193474
-21.328526
24.052223
-130.09962
71.625694
-52.19736
-122.29834
144.46906
-78.6575
-17.465687
7.635931
5.1733575
90.5046
-233.2024
-44.387447
-127.461136
-24.279455
119.708954
22.989563
127.951126
56.93641
76.87723
57.908024
86.29961
67.6635
-133.79677
16.285969
-40.232895
110.70375
-155.57909
-99.003
5.4759855
-99.02951
-96.13325
5.3082695
22.993713
-1.8352318
41.530834
23.117012
102.60333
