89.72212
182.25304
13.472937
-8.617392
79.55385
106.1328
-18.543745
-167.25362
-15.019218
10.052143
-122.54636
127.08363
-50.407604
171.35614
-103.05603
105.61526
-48.927197
47.050373
-26.704918
-51.576397
70.50218
76.89097
28.151146
-89.21245
-48.389576
-2.0091624
-97.319214
-75.46341
-23.961336
96.115746
113.462074
35.872086
88.62855
-148.88414
117.040596
-13.176346
-121.72824
-68.99004
46.33552
171.3484
-126.95046
79.226
98.39236
-24.654882
22.928968
-126.01317
72.21453
-53.19918
-112.29037
148.32541
-79.24323
-17.64711
-0.29673553
0.7705109
85.347534
-227.98721
-44.840176
-125.05161
-29.316757
121.39264
27.248285
133.04759
48.67669
73.66945
59.12021
94.43186
67.68043
-136.68817
10.547339
-39.702724
107.79278
-151.7331
-97.32282
-1.2402205
-97.811745
-94.875595
2.362308
23.711273
1.16506
33.21106
25.15134
97.6707
