87.29299
184.86058
13.472937
-8.909373
76.75503
103.18128
-17.959372
-167.38239
-17.656143
10.646243
-122.54636
125.07547
-48.631363
170.32465
-103.05603
106.50299
-47.71193
49.171894
-26.704918
-53.7078
67.62082
77.98609
28.014442
-87.04687
-49.834557
-3.5349507
-94.98328
-76.14488
-24.67955
97.1118
112.966965
33.399796
90.01982
-150.96133
117.040596
-13.826016
-124.609406
-63.198658
44.716526
164.84521
-124.49221
76.71678
98.39236
-19.44844
22.295269
-121.30381
72.17704
-56.638386
-114.840416
145.24615
-80.23259
-17.64711
0.11994743
0.7705109
85.347534
-226.9494
-42.595547
-125.20816
-29.382828
126.68216
27.248285
135.97844
50.379715
74.757774
59.12021
94.25294
67.52237
-137.62607
10.753341
-38.97705
102.41945
-153.70059
-90.73996
1.127919
-98.862274
-88.44655
2.5150466
27.141596
1.0910883
33.01457
24.31166
95.0266
