94.63323
178.23967
10.578845
-17.986515
72.67322
108.061165
-20.876516
-170.59497
-7.133684
11.640848
-128.05515
127.730515
-48.650383
177.12386
-101.740265
103.76141
-48.908295
46.1689
-19.573921
-46.648937
68.558975
83.89908
25.447615
-90.73392
-49.81782
-7.764124
-90.46271
-73.01366
-27.01159
94.10691
115.86615
42.037155
88.014046
-153.78505
115.59776
-16.413708
-121.05756
-69.64431
46.656166
160.85094
-125.423874
73.420906
101.193474
-20.339123
26.375015
-129.8508
71.162895
-52.19736
-119.42239
144.46906
-77.30318
-16.722174
7.749853
5.1733575
87.5133
-232.72711
-47.347145
-126.99184
-25.770449
117.656166
23.277508
127.660675
60.288254
78.268906
59.395123
89.96934
69.11463
-136.75824
15.0023775
-38.30367
110.70375
-158.23203
-98.641014
7.011466
-100.652756
-95.31329
2.3607838
20.36595
-2.9274516
41.530834
20.198376
102.60333
