85.99772
184.86058
13.729874
-7.1733074
79.55385
107.127174
-17.78485
-169.03816
-13.918901
7.6324844
-122.54636
123.45448
-49.811893
174.10767
-106.566154
103.37126
-49.062965
45.577694
-31.18932
-53.7078
67.77384
75.73931
32.50976
-87.04687
-48.6942
-3.5349507
-94.98328
-77.092606
-24.513445
95.06291
113.36332
32.924587
90.01982
-146.49368
119.399734
-13.80378
-128.04106
-64.62297
49.58499
164.84521
-120.115616
78.39351
96.14505
-18.400946
25.72782
-118.467155
72.17704
-56.638386
-117.56335
147.39369
-79.24323
-15.752528
1.7214837
-1.4223816
85.347534
-227.63097
-41.069912
-122.44875
-29.948818
123.8243
30.2317
137.3464
50.983585
74.757774
59.13895
94.06393
68.86154
-136.19028
15.7289295
-38.97705
107.06461
-151.06378
-91.39755
1.0975049
-100.259346
-94.588165
2.5150466
29.206005
-3.016128
33.01457
25.15134
99.64094
