89.0716
184.2613
13.23325
-7.734708
78.32169
105.4879
-17.959372
-167.48065
-13.2665615
8.538378
-122.51491
127.35956
-47.94514
169.4087
-104.46263
105.99142
-49.787266
46.86548
-28.585117
-56.480717
67.3414
78.94604
29.743643
-89.56713
-49.344276
-6.5165744
-97.292755
-75.09116
-26.990166
99.986626
111.655045
34.031647
86.198456
-150.96133
115.441185
-12.910679
-124.3488
-68.99004
47.668457
166.30167
-124.46227
77.07627
98.86882
-17.355263
24.782658
-123.22948
74.151825
-57.247467
-114.10971
147.27065
-80.68882
-20.663658
1.8861449
0.32053137
87.056526
-229.43039
-38.697857
-123.86846
-32.724804
123.01561
24.625402
136.67299
52.887466
77.381516
59.807167
97.063416
68.56355
-141.35306
13.065496
-41.35988
106.58838
-150.87622
-96.46648
0.8021307
-96.03386
-89.95456
4.5805
22.393541
0.97357035
30.900496
26.447876
98.208145
