94.13955
177.03279
10.836955
-16.67008
75.126495
105.28336
-18.671835
-170.8081
-8.598158
12.271385
-129.43576
130.18777
-48.650383
174.53522
-101.740265
102.65595
-48.908295
47.046303
-21.478508
-48.860767
68.558975
83.67884
27.938862
-90.73392
-48.766575
-6.0268183
-90.46271
-74.00159
-26.91574
96.232895
114.81714
38.270184
89.133316
-153.07611
116.61698
-18.239138
-122.44804
-67.488884
46.066696
163.62633
-127.921165
72.339035
101.193474
-18.42429
24.052223
-131.1265
71.625694
-54.01044
-122.29834
144.46906
-78.6575
-15.070169
5.3697424
5.1733575
90.5046
-233.13576
-44.387447
-127.461136
-25.158047
117.87485
24.892984
129.50117
60.019257
76.537865
59.25569
88.920616
64.497314
-134.62062
16.285969
-40.232895
110.70375
-155.57909
-99.003
7.505474
-99.02951
-98.30606
2.3607838
22.993713
1.011014
41.530834
24.9516
102.60333
