90.3021
185.49608
14.588712
-10.098412
81.585754
103.03684
-16.550781
-167.6829
-16.15141
11.698149
-122.34697
125.028015
-46.046688
171.80835
-100.71867
105.586754
-46.133183
44.17294
-28.933159
-53.7078
68.37925
75.91976
34.759155
-89.032486
-51.009453
-3.5349507
-97.319214
-75.46341
-27.780834
97.76372
111.65152
28.408583
90.689735
-148.88414
118.07045
-12.89495
-124.583786
-67.60846
48.856316
165.66335
-124.49221
77.90382
101.45429
-21.340374
21.720108
-121.30381
70.700096
-54.826405
-115.19063
144.75
-79.24323
-17.64711
1.3492718
-1.3000264
87.802505
-230.82559
-40.205925
-122.06778
-29.941648
124.734474
27.428637
134.79564
50.24181
74.98834
60.952835
96.86501
68.3065
-137.83649
10.753341
-43.357166
109.88764
-152.45273
-98.12204
-0.058851957
-98.862274
-88.44655
1.3038898
26.299356
-3.016128
42.90396
26.882057
97.02675
