89.72212
182.75467
15.625132
-9.978703
75.080864
106.41751
-19.0298
-165.56566
-12.34188
9.269431
-127.05003
127.94254
-50.406254
172.59378
-104.61926
109.82179
-43.92868
44.984844
-25.732365
-56.17823
72.97902
78.64803
31.3233
-84.31646
-51.376648
-4.207417
-96.09554
-78.44275
-24.160646
96.94972
110.98367
32.98681
87.07328
-151.85303
118.830345
-10.81732
-128.19762
-70.98509
46.95488
167.28943
-126.96354
75.47946
99.04064
-18.400946
22.027155
-126.01317
69.82659
-56.644127
-115.50377
143.76578
-81.50266
-14.895689
2.7852879
1.8318179
88.24011
-227.61226
-43.03999
-123.2752
-30.469862
122.83606
27.201534
133.09294
49.322132
76.81061
60.764412
92.955284
69.814865
-135.79533
10.753341
-41.12873
104.91736
-151.72566
-98.395195
4.546949
-99.143364
-94.690865
2.6301577
23.563938
-4.9831085
39.772087
22.157555
98.62261
