87.28125
184.86058
13.574053
-8.617392
79.55385
107.127174
-20.726889
-169.03816
-17.656143
10.052143
-125.2835
125.0847
-49.356598
171.59932
-104.224884
104.322525
-48.927197
49.171894
-28.653746
-53.7078
72.20328
79.051865
34.759155
-87.04687
-49.344276
-1.4229827
-94.98328
-75.351776
-24.047888
97.1118
111.655045
31.151443
90.01982
-153.24274
117.65846
-10.951517
-124.609406
-63.198658
47.32688
164.84521
-124.49221
76.71678
98.39236
-19.27278
23.582378
-121.99308
72.17704
-59.58543
-114.840416
149.68129
-80.31231
-22.910923
-0.67180705
1.2961981
84.61222
-228.75491
-42.595547
-123.2752
-32.56765
121.39264
27.248285
135.97844
50.983585
73.06121
60.107105
94.25294
67.52237
-137.83649
10.753341
-40.5788
107.79278
-153.70059
-91.39755
3.1003947
-97.811745
-92.9234
1.4179902
21.69346
1.0910883
33.01457
24.31166
101.70798
