95.12069
178.46313
13.254614
-16.292978
74.84665
108.061165
-18.671835
-172.36206
-8.598158
11.467911
-127.328026
126.726654
-48.650383
176.2386
-101.740265
101.44883
-46.0726
49.29916
-21.478508
-46.88247
66.408424
83.4664
27.545866
-88.046234
-48.034325
-3.2866373
-88.50859
-70.02036
-24.927963
97.31341
114.81714
38.034172
89.09677
-154.1284
118.57536
-18.546116
-119.9407
-67.488884
44.273724
160.87988
-129.92477
72.339035
102.04603
-18.354946
23.002264
-131.71823
71.625694
-53.570107
-121.81504
143.18253
-78.74827
-16.722174
2.9604099
6.493879
88.11393
-231.39821
-43.581684
-124.766106
-26.861696
116.871864
24.892984
127.951126
57.28402
78.50235
59.92204
86.25331
68.86112
-131.37221
16.265717
-37.548485
110.20943
-154.44139
-99.003
4.5848107
-99.2091
-96.39025
4.621008
21.700628
0.7638602
40.58157
23.178764
103.02513
