86.689674
183.04195
13.472937
-8.300485
76.75503
107.722694
-19.246674
-169.03816
-13.918901
11.698149
-123.667534
125.07547
-49.356598
171.35614
-103.05603
104.322525
-46.133183
51.493053
-28.653746
-53.7078
67.77384
77.98609
28.790968
-89.032486
-49.344276
-3.5349507
-94.98328
-75.46341
-26.830997
97.1118
112.966965
33.399796
90.01982
-148.29823
117.040596
-11.983646
-126.07875
-61.34519
48.856316
168.39558
-122.65966
74.01002
98.39236
-24.142572
25.72782
-126.01317
72.21453
-53.09597
-114.10971
145.24615
-80.31231
-22.910923
-0.67180705
1.2961981
84.61222
-228.96844
-41.64328
-123.2752
-29.941648
123.8243
27.248285
134.79564
50.983585
74.757774
59.12021
94.43186
67.52237
-137.83649
13.065496
-42.585842
104.94616
-156.23094
-96.385376
3.1003947
-97.811745
-92.9234
2.5150466
24.425055
-3.016128
33.01457
25.15134
96.74513
