88.428734
182.25304
12.781329
-10.23636
76.75503
103.18128
-17.959372
-167.38239
-15.601901
11.698149
-125.208626
122.13372
-48.293427
171.35614
-100.09489
106.09596
-49.416344
41.51939
-28.653746
-53.7078
70.50218
79.67617
28.790968
-88.68525
-49.344276
-1.8340864
-96.29218
-76.13234
-26.830997
95.53354
112.129814
32.12102
88.437256
-152.71005
117.040596
-9.218056
-126.07875
-63.198658
47.740677
168.39558
-121.42008
75.13235
98.39236
-24.142572
22.50927
-121.30381
73.054504
-53.91039
-113.599304
145.24615
-79.24323
-22.910923
0.13448071
0.7705109
84.61222
-228.96844
-42.595547
-121.87246
-30.56905
124.741684
27.248285
135.97844
50.983585
74.757774
59.12021
96.00827
67.52237
-138.02715
13.065496
-40.5788
104.94616
-153.70059
-97.997185
3.1003947
-98.862274
-88.44655
3.9280915
24.425055
1.0910883
41.75905
25.15134
97.02675
