87.28125
184.86058
12.806393
-7.8482904
79.55385
103.18128
-18.543745
-167.38239
-13.918901
10.052143
-122.54636
125.0847
-49.356598
171.59932
-103.05603
104.322525
-46.133183
49.171894
-26.704918
-53.7078
70.50218
76.36143
34.759155
-90.00776
-50.174465
-5.498073
-94.98328
-75.46341
-26.830997
97.1118
112.966965
31.151443
88.437256
-150.96133
117.040596
-13.826016
-124.609406
-63.198658
47.32688
164.84521
-123.096794
76.71678
99.18828
-18.400946
23.582378
-121.30381
69.96211
-53.09597
-114.840416
149.68129
-79.24323
-18.332174
0.11994743
1.2961981
85.347534
-229.44557
-42.595547
-125.20816
-29.948818
123.8243
27.248285
134.79564
50.983585
74.757774
58.780853
94.43186
67.52237
-138.82283
10.753341
-40.5788
107.79278
-153.70059
-91.39755
0.76112866
-97.811745
-92.9234
2.5150466
24.425055
1.0910883
41.75905
24.31166
99.84551
