96.98518
177.03279
13.821468
-16.67008
72.37788
108.061165
-19.664864
-170.8081
-9.245483
12.271385
-128.05515
130.57025
-48.650383
174.53522
-101.740265
102.6267
-48.908295
47.51656
-21.478508
-48.860767
69.39996
84.81467
27.545866
-91.57836
-48.766575
-6.0268183
-90.46271
-72.133194
-23.684563
96.232895
114.81714
39.719704
89.29027
-153.07611
116.61698
-19.008677
-122.44804
-67.488884
46.066696
162.10034
-125.32793
74.85308
101.193474
-21.328526
24.052223
-130.09962
71.28635
-52.19736
-122.29834
144.46906
-77.48059
-16.722174
5.8206873
5.1733575
90.5046
-232.33517
-43.03546
-124.73354
-25.470871
120.549805
24.1013
128.97365
59.39195
75.39918
59.321266
88.920616
69.044
-133.79677
16.285969
-40.232895
113.37192
-155.57909
-97.400154
9.974319
-97.84485
-96.13325
2.3607838
22.993713
-1.8352318
41.530834
22.851204
102.60333
