96.98518
177.03279
12.599924
-16.67008
72.71775
108.061165
-18.671835
-170.8081
-8.598158
12.271385
-128.05515
127.68794
-48.650383
174.53522
-101.740265
104.05558
-48.908295
47.814262
-21.478508
-51.41653
68.558975
83.67884
27.545866
-90.73392
-48.530968
-6.0268183
-90.46271
-73.01366
-24.927963
96.232895
114.81714
39.719704
90.65844
-153.07611
116.61698
-19.008677
-122.44804
-67.488884
46.066696
163.62633
-127.921165
71.39334
101.193474
-21.328526
24.570713
-129.24692
71.625694
-52.19736
-122.29834
144.46906
-78.96645
-16.533546
5.3697424
5.1733575
90.5046
-232.33517
-44.387447
-127.461136
-22.893705
118.72235
24.892984
127.951126
59.041412
78.22287
59.395123
88.920616
66.39368
-133.79677
16.285969
-40.232895
110.70375
-155.57909
-99.003
7.011466
-99.02951
-96.13325
1.1778309
22.993713
-1.8352318
41.530834
23.117012
102.60333
