88.18654
182.11288
13.472937
-10.64337
76.75503
106.95963
-19.423136
-169.67741
-17.656143
10.257895
-123.71792
125.07547
-47.242996
171.35614
-106.57414
104.322525
-43.817493
44.17294
-27.567835
-53.7078
67.77384
80.606255
34.759155
-85.1723
-47.254894
-2.1107006
-94.13759
-75.351776
-24.529272
96.40139
111.655045
34.75693
88.84327
-151.00044
115.869026
-11.119123
-128.93779
-71.605804
47.23466
165.46068
-124.056984
75.13235
99.18828
-24.838924
23.861702
-121.30381
71.37947
-56.638386
-114.840416
142.50146
-80.93795
-21.885185
-0.67180705
0.7705109
84.83298
-230.30383
-42.595547
-123.9996
-31.420767
123.18005
27.248285
137.89175
49.77831
70.485954
61.476727
96.59697
67.52237
-137.99303
10.171396
-40.5788
104.12868
-155.75728
-94.11395
3.1003947
-98.055084
-91.17112
2.9311066
27.141596
-3.016128
35.46709
24.31166
94.71089
